5870
16024
7397
9432
979
7939
11199
3172
2629
1904
9683
16219
11551
8171
9868
14559
14355
18837
7890
11310
9698
14297
4814
15627
19090
14790
15724
3996
7975
3054
13537
10225
13192
4432
2900
18277
18407
6609
16343
18024
6699
17604
1485
527
2646
13424
16537
1106
2719
3505
5448
13716
11542
4824
10416
6225
8582
12890
5771
18041
11827
15092
15467
3840
17335
8374
18198
10723
4136
9881
2571
13484
18694
10624
17875
15696
1200
7418
6664
3117
7899
3581
2008
1029
5795
12099
13204
327
13116
8788
12404
4463
9143
11029
9293
1883
823
15239
10314
14098
17341
13706
1047
6721
18433
17366
4937
11903
13488
11102
4103
7717
15137
12921
9587
10455
16518
7663
18507
18429
9356
3199
8776
15456
3746
3761
3252
19737
9932
18630
11944
14354
11608
14171
1220
15344
3381
10781
2315
4898
2780
9058
18755
16192
11750
1978
19110
19313
7162
10139
17652
13586
18778
12580
5992
4376
16598
7541
15020
15134
13334
6283
1621
9399
13850
10466
9395
1547
9405
4620
3538
6920
18459
10513
3109
14818
15806
3580
3536
1281
11009
8563
8818
15792
7229
11592
7227
19867
523
11973
18008
7966
13000
13402
19229
7354
11404
15783
3877
16347
19199
12506
15869
9050
1207
18981
2081
11373
5463
10791
18274
18303
9775
5718
14730
18746
13529
0
286
10063
17066
19590
13804
9486
3831
19711
2857
19925
14414
2287
9624
14347
19596
534
19428
551
9917
19207
13239
15866
12204
1110
14500
9107
7041
11729
11214
7908
14310
16810
2482
4141
4823
13511
165
3056
1628
11391
15108
14555
15645
8769
14677
14181
7712
7704
8415
11371
2396
2108
10603
17872
2218
1242
4119
1167
4276
3149
7687
13090
13798
6047
3763
18455
6188
8827
8442
691
19314
6212
6892
16870
6695
6572
9180
11907
13766
18925
18553
13162
3981
8252
12410
19824
8921
8068
4382
18000
15787
1886
7248
9819
16492
18170
3636
15
3076
13767
15164
15848
19758
9373
10964
8515
8601
2638
6668
19346
10707
6001
6705
7321
13507
2401
2262
8740
15378
437
5068
17053
7344
15281
5717
13248
19280
18530
19751
8145
8667
12432
18028
3904
1900
14088
7446
9096
17555
5476
516
3029
8831
15586
17972
15739
18849
15905
957
6501
13363
11379
17817
1535
10242
2090
12516
1403
11325
16617
15611
4079
16818
11997
17657
202
14749
9807
12715
11721
1108
7488
7619
11319
1100
18113
2361
6684
7067
18913
9644
7885
655
1896
10409
2432
3021
4989
10017
16384
5243
121
19971
18388
8275
12304
13258
3463
19793
3961
13031
19361
13182
476
13922
2956
11419
6650
15187
19726
8063
12581
11618
11572
19835
9803
17501
12610
18333
10842
10023
11872
16707
10559
18153
12067
10901
15068
18051
15066
7158
16730
4557
13740
16131
18856
6946
14246
8407
13185
9603
230
1476
7706
17644
15781
13202
10470
11956
15742
14986
6144
18867
4711
14123
6251
4129
14944
5045
19376
1424
18617
1360
12667
8109
1490
13497
1254
11021
12881
19190
3002
8700
19021
1411
6534
5242
17121
4435
10144
10636
16263
18788
7498
13591
9827
5667
7778
7458
9693
18824
15818
15725
4793
4351
18546
11632
7854
4238
1321
4940
15206
258
19396
6893
3912
3549
14285
5780
13927
17569
18859
16386
3808
19508
11951
17963
7010
9710
9705
1208
14671
15841
14982
6353
7269
880
13851
9329
4357
7840
12718
4270
3243
8648
3098
17871
12076
12156
13897
13607
17344
9151
1956
7606
16407
12705
5983
18766
11475
4340
4183
1182
14675
13846
10719
4353
13743
12038
19415
3714
8719
9911
10383
1260
1788
16871
7482
11406
7736
2408
12776
17827
12227
13017
1709
2060
5116
13639
10919
2166
285
17613
3221
2462
1174
10098
1203
3988
2797
3413
16410
514
2440
3160
13298
16137
3289
3543
18049
9208
8318
9012
13648
13135
18650
16887
3456
17237
14084
18392
14565
546
1983
10247
18682
507
8474
10261
17233
15127
13561
5275
19118
16874
711
19144
2742
10074
1134
18969
5330
6618
11446
18065
2403
17043
14053
6908
1355
4904
17673
12805
7132
2628
16650
10946
6112
17468
19837
404
1700
17005
12318
9520
11708
18524
12710
15377
9190
5707
7580
8493
16958
9850
7979
14079
16848
5594
3661
1555
15563
14817
13382
12275
963
9183
16625
10917
2567
11512
1698
17288
19254
14687
12382
14624
17473
13438
4428
10516
6853
18624
8325
17417
13504
6809
13827
15728
1682
13812
11447
12740
6041
15485
1078
10590
6297
1249
13433
610
9034
11164
17706
6610
16181
1911
3139
4744
8992
1926
3089
1280
9701
10199
6333
17207
13028
11022
11876
10305
6335
19595
18229
14837
13362
1436
17788
10861
886
5092
163
11898
18741
2235
660
8070
12972
17167
16052
13911
1917
3628
1244
10519
16546
11839
8676
18512
17727
6367
9353
18405
17918
10359
18302
19182
13252
13413
3588
11449
17699
8386
18451
16111
9048
8319
13941
8960
7518
17154
1224
11614
19796
1743
681
19651
5712
8549
12073
2228
4615
13200
5372
16406
15973
10337
4901
9355
12452
2274
2139
4112
2561
15008
6877
10717
18241
1235
18927
9323
15062
18408
18509
9475
17139
13294
4251
18740
15671
4868
5544
7130
14583
18589
1107
12798
4397
19753
17405
10773
1571
14545
